Run semi-empirical minimization
 &qmmm
    qm_theory='AM1', grms_tol=0.0005,
 scfconv=1.d-10, ndiis_attempts=700,   qmcharge=-1,
 /
   6   C02       21.5190       14.0220        6.4110 
   6   C03       20.6800       14.8220        5.6830 
   6   C04       20.1050       15.9490        6.2450 
   6   C06       18.6370       17.7290        6.0670 
   6   C08       18.9150       18.1600        7.4020 
   6   C09       19.7760       17.4570        8.1600 
   6   C10       20.0580       18.0320        9.5280 
   6   C15       20.3970       16.2650        7.5740 
   6     C       21.2480       15.4320        8.3050 
   6   C17       21.8050       14.3190        7.7330 
   8     O       19.2610       16.6870        5.4660 
   8   O12       19.3160       17.9530       12.1330 
   8   O13       19.6050       15.7260       10.9120 
   8   O14       17.6110       17.2220       10.4150 
  15   P11       19.1560       17.1620       10.8600 
   1     H       21.9270       13.2130        5.9880 
   1    H1       20.4730       14.5880        4.7330 
   8    O2       17.7770       18.4040        5.5110 
   1    H3       18.4620       18.9690        7.7520 
   1    H4       21.2390       18.0430        9.7430 
   1    H5       19.6540       19.1600        9.5920 
   1    H2       21.4470       15.6460        9.2610 
   1   H11       17.1860       18.0620       10.7620 
   6    C1       22.7210       13.3700        8.4920 
   1    H6       23.8220       13.3870        8.0100 
   1    H7       22.7940       13.6460        9.6600 
   1    H8       22.3010       12.2490        8.3890 

