Run semi-empirical minimization
 &qmmm
    qm_theory='AM1', grms_tol=0.0005,
 scfconv=1.d-10, ndiis_attempts=700,   qmcharge=-1,
 /
   6   C02       21.5580       13.9840        6.4350 
   6   C03       20.7190       14.7740        5.6900 
   6   C04       20.1370       15.9160        6.2360 
   6   C06       18.6630       17.6920        6.0630 
   6   C08       18.9360       18.1340        7.3960 
   6   C09       19.8010       17.4420        8.1550 
   6   C10       20.0970       17.9960        9.5320 
   6   C15       20.4220       16.2560        7.5610 
   6     C       21.2770       15.4480        8.3080 
   6   C17       21.8350       14.3340        7.7470 
   8     O       19.2850       16.6460        5.4610 
   8   O12       19.3140       17.9490       12.1310 
   8   O13       19.5610       15.7060       10.9320 
   8   O14       17.6230       17.2520       10.3870 
  15   P11       19.1570       17.1540       10.8590 
   6    C1       22.1900       12.7090        5.8960 
   1    H1       20.5130       14.5190        4.7440 
   8    O2       17.8000       18.3650        5.5110 
   1    H3       18.4750       18.9390        7.7470 
   1    H4       21.2740       17.9800        9.7630 
   1    H5       19.7260       19.1350        9.5950 
   1    H2       21.4780       15.6770        9.2630 
   1   H11       17.1960       18.0720       10.7750 
   1     H       22.4430       13.7560        8.2910 
   1    H6       23.3820       12.7480        6.0460 
   1    H7       21.9630       12.5400        4.7290 
   1    H8       21.7520       11.7670        6.5000 

