Run semi-empirical minimization
 &qmmm
    qm_theory='AM1', grms_tol=0.0005,
 scfconv=1.d-10, ndiis_attempts=700,   qmcharge=-1,
 /
   6   C02       21.4700       14.0670        6.2360 
   6   C03       20.5460       14.8330        5.5720 
   6   C04       20.0110       15.9680        6.1580 
   6   C06       18.5420       17.7510        6.0430 
   6   C08       18.8580       18.1770        7.3660 
   6   C09       19.7640       17.4920        8.0880 
   6   C10       20.0170       18.0810        9.4630 
   6   C15       20.3960       16.3310        7.4540 
   6     C       21.3600       15.5510        8.0980 
   6   C17       21.8890       14.4370        7.5040 
   8     O       19.1030       16.6790        5.4330 
   8   O12       19.3370       17.9820       12.0950 
   8   O13       19.6540       15.7560       10.8850 
   8   O14       17.6160       17.1890       10.4220 
  15   P11       19.1730       17.1810       10.8260 
   9     F       21.9630       12.9630        5.6570 
   1    H1       20.2480       14.5680        4.6530 
   8    O2       17.7000       18.4590        5.5070 
   1    H3       18.3950       18.9700        7.7380 
   1    H4       21.1900       18.2010        9.6820 
   1    H5       19.5360       19.1770        9.5460 
   9    F1       21.7820       15.8920        9.3110 
   1   H11       17.1800       18.0310       10.7490 
   1     H       22.5730       13.8900        7.9890 

