Run semi-empirical minimization
 &qmmm
    qm_theory='AM1', grms_tol=0.0005,
 scfconv=1.d-10, ndiis_attempts=700,   qmcharge=-1,
 /
   6   C02       21.5330       14.0120        6.3830 
   6   C03       20.7040       14.7860        5.6210 
   6   C04       20.1450       15.9060        6.2190 
   6   C06       18.6700       17.6780        6.0620 
   6   C08       18.9590       18.1070        7.3940 
   6   C09       19.8270       17.4100        8.1510 
   6   C10       20.1100       17.9770        9.5270 
   6   C15       20.4460       16.2290        7.5550 
   6     C       21.3040       15.4130        8.3100 
   6   C17       21.8210       14.3110        7.6890 
   8     O       19.2820       16.6340        5.4550 
   8   O12       19.3120       17.9500       12.1300 
   8   O13       19.5520       15.7040       10.9340 
   8   O14       17.6240       17.2590       10.3800 
  15   P11       19.1560       17.1540       10.8570 
   8    O1       22.1240       12.8840        6.0330 
   1    H1       20.4920       14.5440        4.6730 
   8    O2       17.8100       18.3490        5.5030 
   1    H3       18.5030       18.9080        7.7500 
   1    H4       21.2850       17.9630        9.7690 
   1    H5       19.7360       19.1160        9.5820 
   8    O3       22.6060       13.3660        8.1990 
   1    H2       21.5140       15.6210        9.2660 
   1   H11       17.1950       18.0730       10.7810 
   6    C1       22.7410       12.2990        7.2130 
   1     H       23.8690       11.9600        7.0230 
   1    H6       22.0650       11.3680        7.5510 

