Run semi-empirical minimization
 &qmmm
    qm_theory='AM1', grms_tol=0.0005,
 scfconv=1.d-10, ndiis_attempts=700,   qmcharge=-1,
 /
   6   C02       22.2440       13.9720        6.9580 
   6   C03       21.2750       14.5810        6.2150 
   6   C04       20.6070       15.7020        6.6940 
   6   C06       18.9420       17.3800        6.2640 
   6   C08       19.1630       17.9200        7.5680 
   6   C09       20.0750       17.3730        8.4060 
   6   C10       20.0880       18.1180        9.7250 
   6   C15       20.8930       16.2260        7.9580 
   6     C       21.9290       15.6140        8.6870 
   6   C17       22.5740       14.5120        8.1910 
   7     N       19.6430       16.3000        5.9000 
   8   O12       19.2440       18.0710       12.2910 
   8   O13       19.5570       15.8180       11.1280 
   8   O14       17.6030       17.2970       10.5180 
  15   P11       19.1290       17.2560       11.0270 
   6    C1       22.9460       12.7330        6.4230 
   1    H1       21.0410       14.2130        5.3160 
   8    O2       18.1060       17.9350        5.5610 
   1    H3       18.6130       18.6920        7.8490 
   1    H4       21.1990       18.3850       10.0780 
   1    H5       19.5210       19.1730        9.6480 
   6    C2       22.4440       16.0990       10.0330 
   1   H11       17.1680       18.1530       10.8060 
   1    H6       23.2990       14.0820        8.7270 
   1     H       19.4700       15.9560        5.1090 
   1    H2       23.9810       13.0440        5.8990 
   1    H7       22.2490       12.1800        5.6140 
   1    H8       23.1730       11.9550        7.3100 
   1    H9       22.9740       17.1580        9.8590 
   1   H10       23.2730       15.3700       10.5060 
   1   H12       21.5610       16.1960       10.8330 

