Run semi-empirical minimization
 &qmmm
    qm_theory='AM1', grms_tol=0.0005,
 scfconv=1.d-10, ndiis_attempts=700,   qmcharge=-1,
 /
   6   C02       21.6020       13.9240        6.4120 
   6   C03       20.7600       14.7350        5.6940 
   6   C04       20.1770       15.8550        6.2590 
   6   C06       18.7090       17.6270        6.0700 
   6   C08       18.9870       18.0730        7.3950 
   6   C09       19.8450       17.3780        8.1640 
   6   C10       20.1190       17.9660        9.5300 
   6   C15       20.4650       16.1840        7.5870 
   6     C       21.3210       15.3580        8.3180 
   6   C17       21.8810       14.2520        7.7400 
   8     O       19.3210       16.5720        5.4820 
   8   O12       19.3100       17.9540       12.1250 
   8   O13       19.5420       15.7040       10.9310 
   8   O14       17.6250       17.2690       10.3680 
  15   P11       19.1530       17.1550       10.8540 
   8    O1       22.1030       12.8420        5.8080 
   1    H1       20.5500       14.5050        4.7440 
   8    O2       17.8560       18.2980        5.5050 
   1    H3       18.5340       18.8840        7.7380 
   1    H4       21.2910       17.9530        9.7840 
   1    H5       19.7500       19.1060        9.5740 
   1     H       22.4910       13.6700        8.2790 
   1    H2       21.5210       15.5720        9.2760 
   1   H11       17.1900       18.0700       10.7890 
   6    C1       22.3750       11.6820        6.6140 
   1    H6       23.3950       11.8210        7.2290 
   1    H7       21.4660       11.4980        7.3760 
   1    H8       22.4750       10.7100        5.9200 

