Run semi-empirical minimization
 &qmmm
    qm_theory='AM1', grms_tol=0.0005,
 scfconv=1.d-10, ndiis_attempts=700,   qmcharge=-1,
 /
   6   C02       21.6020       13.9130        6.4820 
   6   C03       20.7590       14.6940        5.7360 
   6   C04       20.1750       15.8390        6.2610 
   6   C06       18.7100       17.6140        6.0400 
   6   C08       18.9740       18.0800        7.3640 
   6   C09       19.8330       17.3990        8.1430 
   6   C10       20.1010       17.9910        9.5090 
   6   C15       20.4600       16.2010        7.5780 
   6     C       21.3170       15.3970        8.3290 
   6   C17       21.8830       14.2700        7.7980 
   8     O       19.3200       16.5470        5.4660 
   8   O12       19.2960       17.9660       12.1070 
   8   O13       19.5090       15.7210       10.9010 
   8   O14       17.6080       17.3040       10.3440 
  15   P11       19.1340       17.1750       10.8310 
   6    C1       22.1820       12.6580        5.8460 
   1    H1       20.5510       14.4290        4.7950 
   8    O1       17.8620       18.2870        5.4700 
   1    H3       18.5130       18.8950        7.6950 
   1    H4       21.2740       17.9920        9.7620 
   1    H5       19.7130       19.1250        9.5370 
   6    C2       22.7830       13.4370        8.6980 
   1     H       21.5120       15.6410        9.2790 
   1    H2       23.3790       12.6600        5.9270 
   1    H6       21.8910       12.5790        4.6850 
   1    H7       21.7450       11.6940        6.4130 
   1    H8       23.8070       13.1810        8.1270 
   1    H9       23.0450       14.0240        9.7120 
   1   H10       22.2070       12.4180        8.9680 
   1   H11       17.1280       17.9830       10.9030 

