Run semi-empirical minimization
 &qmmm
    qm_theory='AM1', grms_tol=0.0005,
 scfconv=1.d-10, ndiis_attempts=700,   qmcharge=-1,
 /
   6   C02       22.1640       14.0290        6.9440 
   6   C03       21.2210       14.6370        6.1700 
   6   C04       20.5500       15.7590        6.6460 
   6   C06       18.9130       17.4610        6.2200 
   6   C08       19.1190       17.9840        7.5330 
   6   C09       20.0150       17.4160        8.3730 
   6   C10       20.0880       18.1150        9.7100 
   6   C15       20.8180       16.2680        7.9210 
   6     C       21.8340       15.6530        8.6710 
   6   C17       22.4700       14.5440        8.1920 
   7     N       19.6150       16.3840        5.8380 
   8   O12       19.2410       18.1000       12.2610 
   8   O13       19.5340       15.8330       11.1140 
   8   O14       17.5840       17.3240       10.4990 
  15   P11       19.1100       17.2730       11.0060 
  35    Br       23.0860       12.5180        6.3220 
   1    H1       21.0160       14.2760        5.2590 
   1    H3       18.5760       18.7580        7.8210 
   1    H4       21.2300       18.2390       10.0560 
   1    H5       19.5950       19.2080        9.6640 
   1   H11       17.1470       18.1680       10.8150 
   1    H6       23.1780       14.1050        8.7420 
   8     O       18.0860       18.0390        5.5260 
  35   Br1       22.4380       16.3150       10.3230 
   1     H       19.4690       16.0640        5.0270 

