Run semi-empirical minimization
 &qmmm
    qm_theory='AM1', grms_tol=0.0005,
 scfconv=1.d-10, ndiis_attempts=700,   qmcharge=-1,
 /
   6   C02       21.5280       14.0200        6.3150 
   6   C03       20.6240       14.8130        5.6720 
   6   C04       20.1150       15.9520        6.2760 
   6   C06       18.6390       17.7220        6.1180 
   6   C08       18.9170       18.1360        7.4540 
   6   C09       19.8190       17.4630        8.1940 
   6   C10       19.9840       18.0970        9.5610 
   6   C15       20.4900       16.2960        7.5850 
   6     C       21.4610       15.4960        8.2130 
   6   C17       21.9510       14.3860        7.5780 
   8     O       19.2420       16.6720        5.5200 
   8   O12       19.2530       17.9840       12.1660 
   8   O13       19.4920       15.7590       10.9360 
   8   O14       17.5230       17.2680       10.4650 
  15   P11       19.0740       17.2040       10.8880 
   6    C1       22.0620       12.7560        5.6680 
   1    H1       20.3180       14.5720        4.7510 
   8    O2       17.7970       18.4110        5.5530 
   1    H3       18.4300       18.9160        7.8180 
   1    H4       21.1440       18.2680        9.8110 
   1    H5       19.4880       19.1890        9.5980 
   6    C2       22.1250       15.6880        9.5750 
   1   H11       17.1150       18.1260       10.7860 
   1     H       22.6340       13.8190        8.0400 
   1    H2       23.1720       12.5080        6.0530 
   1    H6       22.0850       12.8640        4.4730 
   1    H7       21.3390       11.8470        5.9670 
   1    H8       23.1480       16.2950        9.4300 
   1    H9       22.3990       14.6250       10.0640 
   1   H10       21.4600       16.2420       10.3940 

