Run semi-empirical minimization
 &qmmm
    qm_theory='AM1', grms_tol=0.0005,
 scfconv=1.d-10, ndiis_attempts=700,   qmcharge=-1,
 /
   6   C02       21.4350       14.0610        6.1590 
   6   C03       20.5010       14.8400        5.5310 
   6   C04       19.9930       15.9750        6.1420 
   6   C06       18.5230       17.7580        6.0440 
   6   C08       18.8400       18.1620        7.3770 
   6   C09       19.7530       17.4690        8.0840 
   6   C10       20.0080       18.0330        9.4670 
   6   C15       20.4070       16.3260        7.4320 
   6     C       21.4150       15.5540        8.0260 
   6   C17       21.8970       14.4400        7.4040 
   8     O       19.0840       16.6920        5.4270 
   8   O12       19.2950       18.0060       12.0750 
   8   O13       19.5390       15.7400       10.9270 
   8   O14       17.5510       17.2230       10.4190 
  15   P11       19.1060       17.1800       10.8270 
   6    C1       21.9790       12.8030        5.5120 
   1    H1       20.1740       14.5880        4.6190 
   8    O2       17.6830       18.4660        5.5020 
   1    H3       18.3740       18.9430        7.7670 
   1    H4       21.1840       18.0590        9.6920 
   1    H5       19.6080       19.1620        9.5450 
  35    Br       22.2130       15.9810        9.6740 
   1   H11       17.1350       18.0750       10.7440 
   1     H       22.6020       13.8960        7.8630 
   1    H2       23.1750       12.8730        5.4290 
   1    H6       21.5140       12.6680        4.4130 
   1    H7       21.6840       11.8490        6.1810 

