Run semi-empirical minimization
 &qmmm
    qm_theory='AM1', grms_tol=0.0005,
 scfconv=1.d-10, ndiis_attempts=700,   qmcharge=-1,
 /
   6   C02       21.4960       14.0740        6.2420 
   6   C03       20.5550       14.8400        5.6090 
   6   C04       20.0350       15.9780        6.2030 
   6   C06       18.5550       17.7490        6.0980 
   6   C08       18.8750       18.1710        7.4240 
   6   C09       19.7940       17.4920        8.1350 
   6   C10       20.0470       18.0640        9.5170 
   6   C15       20.4420       16.3450        7.4880 
   6     C       21.4410       15.5810        8.1000 
   6   C17       21.9510       14.4650        7.4890 
   8     O       19.1170       16.6810        5.4870 
   8   O12       19.2910       17.9820       12.1210 
   8   O13       19.5760       15.7460       10.9170 
   8   O14       17.5910       17.2340       10.4070 
  15   P11       19.1370       17.1850       10.8480 
   6    C1       22.0270       12.8090        5.5880 
   1    H1       20.2300       14.5720        4.7010 
   8    O2       17.7090       18.4400        5.5440 
   1    H3       18.4030       18.9530        7.8060 
   1    H4       21.2180       18.1390        9.7650 
   1    H5       19.6060       19.1770        9.5970 
   9     F       21.9190       15.9300        9.2960 
   1   H11       17.1610       18.0750       10.7450 
   1     H       22.6550       13.9270        7.9520 
   1    H2       23.2240       12.8540        5.5000 
   1    H6       21.5640       12.6710        4.4890 
   1    H7       21.7160       11.8560        6.2500 

