Run semi-empirical minimization
 &qmmm
    qm_theory='AM1', grms_tol=0.0005,
 scfconv=1.d-10, ndiis_attempts=700,   qmcharge=-1,
 /
   6   C02       22.2800       14.0230        7.1700 
   6   C03       21.4390       14.6260        6.2770 
   6   C04       20.6560       15.7160        6.6560 
   6   C06       19.0310       17.3980        6.1420 
   6   C08       19.1570       17.9480        7.4540 
   6   C09       19.9890       17.3790        8.3480 
   6   C10       20.1000       18.0800        9.6790 
   6   C15       20.7640       16.1970        7.9620 
   6     C       21.6150       15.5580        8.8650 
   6   C17       22.3610       14.4860        8.4750 
   7     N       19.7690       16.3350        5.7710 
   8   O12       19.2910       18.0150       12.2540 
   8   O13       19.7180       15.7860       11.0830 
   8   O14       17.6710       17.1700       10.4890 
  15   P11       19.1990       17.1950       10.9920 
   1     H       22.8420       13.2470        6.8800 
   1    H1       21.3960       14.2760        5.3450 
   8    O2       18.2140       17.9920        5.4460 
   1    H3       18.6230       18.7430        7.6920 
   1    H4       21.2560       18.2110        9.9750 
   1    H5       19.5940       19.1670        9.6390 
   1    H2       21.6790       15.8910        9.8070 
   1   H11       17.2090       18.0220       10.7480 
   1    H6       22.9710       14.0370        9.1280 
   6    C1       19.5780       15.8610        4.3850 
   1    H7       18.4010       15.8740        4.1810 
   1    H8       20.1020       16.6190        3.6150 
   1    H9       19.9140       14.7360        4.1440 

