Run semi-empirical minimization
 &qmmm
    qm_theory='AM1', grms_tol=0.0005,
 scfconv=1.d-10, ndiis_attempts=700,   qmcharge=-1,
 /
   6   C02       22.2150       14.0510        7.0130 
   6   C03       21.3000       14.6380        6.2120 
   6   C04       20.5850       15.7730        6.6500 
   6   C06       19.0340       17.3850        6.2110 
   6   C08       19.1940       17.9240        7.4790 
   6   C09       20.0800       17.3870        8.3530 
   6   C10       20.1880       18.0610        9.7130 
   6   C15       20.8220       16.2740        7.9430 
   6     C       21.7890       15.6360        8.7550 
   6   C17       22.4670       14.5600        8.3000 
   7     N       19.6970       16.3150        5.7700 
   8   O12       19.2850       18.0700       12.2660 
   8   O13       19.6080       15.8020       11.1380 
   8   O14       17.6620       17.2930       10.4850 
  15   P11       19.1820       17.2410       11.0090 
   1     H       22.7180       13.2480        6.6900 
   1    H1       21.1250       14.2690        5.2990 
   1    H3       18.6480       18.7140        7.7530 
   1    H4       21.3300       18.0720       10.0810 
   1    H5       19.8160       19.1990        9.6530 
   1   H11       17.2180       18.1340       10.8040 
   1    H6       23.1500       14.1180        8.8830 
   1    H2       18.3720       17.8140        5.5960 
   1    H7       21.9730       15.9810        9.6750 

