Run semi-empirical minimization
 &qmmm
    qm_theory='AM1', grms_tol=0.0005,
 scfconv=1.d-10, ndiis_attempts=700,   qmcharge=-1,
 /
   6   C02       21.4640       14.0850        6.2260 
   6   C03       20.5320       14.8510        5.5760 
   6   C04       20.0030       15.9870        6.1660 
   6   C06       18.5320       17.7660        6.0460 
   6   C08       18.8500       18.1920        7.3680 
   6   C09       19.7550       17.5070        8.0910 
   6   C10       19.9940       18.1060        9.4660 
   6   C15       20.3960       16.3430        7.4620 
   6     C       21.3700       15.5700        8.1170 
   6   C17       21.8880       14.4590        7.4860 
   8     O       19.0920       16.6930        5.4400 
   8   O12       19.3450       17.9830       12.0900 
   8   O13       19.6580       15.7560       10.8790 
   8   O14       17.6170       17.1890       10.4170 
  15   P11       19.1720       17.1820       10.8230 
   6    C1       22.0190       12.8200        5.5930 
   1    H1       20.2190       14.5870        4.6620 
   8    O2       17.6930       18.4710        5.5030 
   1    H3       18.3900       18.9830        7.7400 
   1    H4       21.1660       18.2470        9.6850 
   1    H5       19.4940       19.1920        9.5530 
   8    O1       21.7530       15.9180        9.3500 
   1   H11       17.1800       18.0280       10.7500 
   1     H       22.5750       13.9010        7.9500 
   1    H2       23.1740       12.6750        5.8860 
   1    H6       21.9310       12.8420        4.3960 
   1    H7       21.4010       11.8770        6.0050 
   6    C2       23.0910       15.6440        9.8000 
   1    H8       23.8680       16.1440        9.0340 
   1    H9       23.2080       16.1670       10.8730 
   1   H10       23.2810       14.4690        9.9430 

