Run semi-empirical minimization
 &qmmm
    qm_theory='AM1', grms_tol=0.0005,
 scfconv=1.d-10, ndiis_attempts=700,   qmcharge=-1,
 /
   6   C02       21.7090       13.9710        6.5520 
   6   C03       20.8570       14.6390        5.7370 
   6   C04       20.2530       15.8020        6.2080 
   6   C06       18.7520       17.6320        5.9020 
   6   C08       19.0060       18.0520        7.2150 
   6   C09       19.8680       17.3830        8.0090 
   6   C10       20.0890       17.9540        9.4020 
   6   C15       20.5330       16.2260        7.5190 
   7     N       21.4060       15.5690        8.3370 
   6   C17       21.9630       14.4630        7.8290 
   6     C       19.3610       16.5360        5.3990 
   8   O12       19.2850       18.0460       11.9920 
   8   O13       19.3090       15.7550       10.8640 
   8   O14       17.5130       17.4520       10.3080 
  15   P11       19.0460       17.2330       10.7420 
   1     H       22.1540       13.1310        6.2380 
   1    H1       20.6630       14.3030        4.8150 
   1    H3       18.5380       18.8630        7.5680 
   1    H4       21.2370       17.7980        9.7110 
   1    H5       19.8600       19.1320        9.3930 
   1    H7       22.6020       13.9550        8.4060 
   1    H2       17.1140       18.2010       10.8430 
   1    H6       18.1020       18.1470        5.3470 
   1    H8       19.1660       16.2380        4.4640 

