Run semi-empirical minimization
 &qmmm
    qm_theory='AM1', grms_tol=0.0005,
 scfconv=1.d-10, ndiis_attempts=700,   qmcharge=-1,
 /
   6   C02       21.5870       14.1170        6.2970 
   6   C03       20.6580       14.8610        5.6250 
   6   C04       20.0780       15.9680        6.2340 
   6   C06       18.5220       17.7940        6.0830 
   6   C08       18.8640       18.1870        7.4170 
   6   C09       19.7680       17.4830        8.1360 
   6   C10       20.0850       18.0300        9.5090 
   6   C15       20.4220       16.3110        7.5390 
   6     C       21.3650       15.5340        8.2150 
   6   C17       21.9430       14.4590        7.5970 
   7     N       19.1440       16.7290        5.5540 
   8   O12       19.3270       17.9690       12.1090 
   8   O13       19.6350       15.7330       10.9060 
   8   O14       17.6340       17.2140       10.3950 
  15   P11       19.1780       17.1660       10.8410 
   1     H       22.0080       13.3250        5.8510 
   1    H1       20.3950       14.6130        4.6920 
   8    O2       17.6750       18.4620        5.5050 
   1    H3       18.4190       18.9820        7.8080 
   1    H4       21.2670       18.0100        9.7140 
   1    H5       19.7240       19.1700        9.5920 
   1    H2       21.6180       15.7620        9.1560 
   1   H11       17.2000       18.0470       10.7450 
   1    H6       22.6250       13.9120        8.0850 
   1    H7       18.9330       16.5000        4.7320 

